
{
    "ply_file_path": "points.ply",
    "camera_model": "SIMPLE_RADIAL",
    "is_fisheye": false,
    "aabb_scale": 64,
    "frames": [
        {
            "file_path": "images/00000.png",
            "camera_angle_x":1.148750199051258,
            "camera_angle_y":0.6789121331222425,
            "fl_x": 1404.601769911504,
            "fl_y": 1404.601769911504,
            "k1": 0,
            "k2": 0,
            "k3": 0,
            "k4": 0,
            "cx": 909,
            "cy": 496,
            "w": 1818,
            "h": 992,
            "transform_matrix": [
                [
                    0.9998923720173868,
                    8.273346140116879e-003,
                    -1.211594507621553e-002,
                    -4.210041718554432
                ],
                [
                    5.657493627197141e-003,
                    -0.9793937267460666,
                    -0.2018809569432177,
                    -28.38548902729611
                ],
                [
                    -1.353651163713465e-002,
                    0.2017906830210377,
                    -0.9793351229781361,
                    16.83162429710476
                ],
                [
                    0.0,
                    0.0,
                    0.0,
                    1.0
                ]
            ]
        },
        {
            "file_path": "images/00001.png",
            "camera_angle_x":1.148882521218007,
            "camera_angle_y":0.6742774761497712,
            "fl_x": 1403.625557206538,
            "fl_y": 1403.625557206538,
            "k1": 0,
            "k2": 0,
            "k3": 0,
            "k4": 0,
            "cx": 908.5,
            "cy": 492,
            "w": 1817,
            "h": 984,
            "transform_matrix": [
                [
                    0.9998974092454481,
                    8.19809509763262e-003,
                    -1.174573203383099e-002,
                    -4.176807371024178
                ],
                [
                    5.563418565600387e-003,
                    -0.9779123242476941,
                    -0.208941461798123,
                    -28.33258500574861
                ],
                [
                    -1.319921808685365e-002,
                    0.2088546799122365,
                    -0.9778576089189328,
                    16.96965230308071
                ],
                [
                    0.0,
                    0.0,
                    0.0,
                    1.0
                ]
            ]
        },
        {
            "file_path": "images/00002.png",
            "camera_angle_x":1.175283879884286,
            "camera_angle_y":0.6770078551400348,
            "fl_x": 1396.090695856138,
            "fl_y": 1396.090695856138,
            "k1": 0,
            "k2": 0,
            "k3": 0,
            "k4": 0,
            "cx": 930,
            "cy": 491.5,
            "w": 1860,
            "h": 983,
            "transform_matrix": [
                [
                    0.9998859774164599,
                    1.065481938109573e-002,
                    -1.070079389051165e-002,
                    -4.188570509312279
                ],
                [
                    5.503670000784667e-003,
                    -0.9170163508525744,
                    -0.3988116370989573,
                    -28.36535130126465
                ],
                [
                    -1.4062068925071e-002,
                    0.3987072699274296,
                    -0.916970430888893,
                    17.48701439870768
                ],
                [
                    0.0,
                    0.0,
                    0.0,
                    1.0
                ]
            ]
        },
        {
            "file_path": "images/00003.png",
            "camera_angle_x":1.169500773270105,
            "camera_angle_y":0.698277846537662,
            "fl_x": 1406.388670338316,
            "fl_y": 1406.388670338316,
            "k1": 0,
            "k2": 0,
            "k3": 0,
            "k4": 0,
            "cx": 930.9999999999999,
            "cy": 512,
            "w": 1862,
            "h": 1024,
            "transform_matrix": [
                [
                    0.999901697189914,
                    9.754911128511356e-003,
                    -1.007162676056071e-002,
                    -4.393807029732166
                ],
                [
                    4.881516288634201e-003,
                    -0.9155646705520247,
                    -0.4021411503883753,
                    -28.28578382959752
                ],
                [
                    -1.314407682011165e-002,
                    0.4020524539731563,
                    -0.9155222867296622,
                    13.05473617521256
                ],
                [
                    0.0,
                    0.0,
                    0.0,
                    1.0
                ]
            ]
        },
        {
            "file_path": "images/00004.png",
            "camera_angle_x":1.167978108634472,
            "camera_angle_y":0.7001335455936749,
            "fl_x": 1406.447931526391,
            "fl_y": 1406.447931526391,
            "k1": 0,
            "k2": 0,
            "k3": 0,
            "k4": 0,
            "cx": 929.5,
            "cy": 513.5,
            "w": 1859,
            "h": 1027,
            "transform_matrix": [
                [
                    0.9998870160345474,
                    9.958669531269043e-003,
                    -1.125966547885419e-002,
                    -4.667493249929427
                ],
                [
                    4.58572532724588e-003,
                    -0.9154358221618133,
                    -0.4024378543653021,
                    -28.25565807076589
                ],
                [
                    -1.43152467233989e-002,
                    0.4023407516075049,
                    -0.9153780603156033,
                    3.83919603228554
                ],
                [
                    0.0,
                    0.0,
                    0.0,
                    1.0
                ]
            ]
        },
        {
            "file_path": "images/00005.png",
            "camera_angle_x":1.167036792754815,
            "camera_angle_y":0.6973747271414392,
            "fl_x": 1405.616045845272,
            "fl_y": 1405.616045845272,
            "k1": 0,
            "k2": 0,
            "k3": 0,
            "k4": 0,
            "cx": 927.9999999999999,
            "cy": 511,
            "w": 1856,
            "h": 1022,
            "transform_matrix": [
                [
                    0.9998805335494731,
                    9.96648514351673e-003,
                    -1.181472821121684e-002,
                    -5.016008562139148
                ],
                [
                    4.354045142427766e-003,
                    -0.915016617661329,
                    -0.4033926520085842,
                    -28.25153125724736
                ],
                [
                    -1.483107951966289e-002,
                    0.4032930182603029,
                    -0.9149506984000702,
                    -6.265176804510661
                ],
                [
                    0.0,
                    0.0,
                    0.0,
                    1.0
                ]
            ]
        },
        {
            "file_path": "images/00006.png",
            "camera_angle_x":1.168776322912492,
            "camera_angle_y":0.6925764898073989,
            "fl_x": 1403.716535433071,
            "fl_y": 1403.716535433071,
            "k1": 0,
            "k2": 0,
            "k3": 0,
            "k4": 0,
            "cx": 928.5,
            "cy": 506.4999999999999,
            "w": 1857,
            "h": 1013,
            "transform_matrix": [
                [
                    0.9992141967920563,
                    1.945306613969e-002,
                    -3.453356551198421e-002,
                    -5.454874860227387
                ],
                [
                    3.718552576820847e-003,
                    -0.9134408090294242,
                    -0.4069546175759704,
                    -28.19251841169388
                ],
                [
                    -3.946088311149508e-002,
                    0.4065064164529703,
                    -0.9127953615606431,
                    -17.12115138179078
                ],
                [
                    0.0,
                    0.0,
                    0.0,
                    1.0
                ]
            ]
        },
        {
            "file_path": "images/00007.png",
            "camera_angle_x":1.170224876368855,
            "camera_angle_y":0.6887661134217936,
            "fl_x": 1403.773584905661,
            "fl_y": 1403.773584905661,
            "k1": 0,
            "k2": 0,
            "k3": 0,
            "k4": 0,
            "cx": 930.0000000000001,
            "cy": 503.5,
            "w": 1860,
            "h": 1007,
            "transform_matrix": [
                [
                    0.9990673280999762,
                    2.084708017278766e-002,
                    -3.781366381936026e-002,
                    -5.997992182668245
                ],
                [
                    3.559565268091093e-003,
                    -0.9125131941595647,
                    -0.4090317835814362,
                    -28.13783681247457
                ],
                [
                    -4.303258554022092e-002,
                    0.4085156909262826,
                    -0.9117363252874953,
                    -28.38128952306076
                ],
                [
                    0.0,
                    0.0,
                    0.0,
                    1.0
                ]
            ]
        },
        {
            "file_path": "images/00008.png",
            "camera_angle_x":1.172395102712721,
            "camera_angle_y":0.6851078198916466,
            "fl_x": 1403.482352941176,
            "fl_y": 1403.482352941176,
            "k1": 0,
            "k2": 0,
            "k3": 0,
            "k4": 0,
            "cx": 932,
            "cy": 500.5,
            "w": 1864,
            "h": 1001,
            "transform_matrix": [
                [
                    0.9991038809834565,
                    1.998015244274141e-002,
                    -3.731257847107225e-002,
                    -6.531777811194951
                ],
                [
                    2.860900165359227e-003,
                    -0.9114291058915224,
                    -0.4114472021827637,
                    -28.06103428333513
                ],
                [
                    -4.222854785614771e-002,
                    0.4109717489586663,
                    -0.910669518158929,
                    -39.62106125959323
                ],
                [
                    0.0,
                    0.0,
                    0.0,
                    1.0
                ]
            ]
        },
        {
            "file_path": "images/00009.png",
            "camera_angle_x":1.173013139764139,
            "camera_angle_y":0.6807638772838139,
            "fl_x": 1403.294117647059,
            "fl_y": 1403.294117647059,
            "k1": 0,
            "k2": 0,
            "k3": 0,
            "k4": 0,
            "cx": 932.5,
            "cy": 497,
            "w": 1865,
            "h": 994,
            "transform_matrix": [
                [
                    0.9991151328044747,
                    1.979342019679542e-002,
                    -3.711026701614974e-002,
                    -7.083500717579083
                ],
                [
                    2.679596006366585e-003,
                    -0.9105041926470523,
                    -0.4134911546059746,
                    -28.0038450998668
                ],
                [
                    -4.197345787923012e-002,
                    0.4130258293243323,
                    -0.9097515557253022,
                    -50.12964556903052
                ],
                [
                    0.0,
                    0.0,
                    0.0,
                    1.0
                ]
            ]
        },
        {
            "file_path": "images/00010.png",
            "camera_angle_x":1.171672041029777,
            "camera_angle_y":0.6814510185664689,
            "fl_x": 1404.58398744113,
            "fl_y": 1404.58398744113,
            "k1": 0,
            "k2": 0,
            "k3": 0,
            "k4": 0,
            "cx": 931.9999999999999,
            "cy": 498.0000000000001,
            "w": 1864,
            "h": 996,
            "transform_matrix": [
                [
                    0.9991216334847605,
                    1.949715855698201e-002,
                    -3.709207881674811e-002,
                    -7.617602466117468
                ],
                [
                    2.473356583507783e-003,
                    -0.9110592060682324,
                    -0.4122681233681943,
                    -27.98874208388856
                ],
                [
                    -4.183113684750595e-002,
                    0.4118142589159896,
                    -0.9103071855936981,
                    -58.92696039554944
                ],
                [
                    0.0,
                    0.0,
                    0.0,
                    1.0
                ]
            ]
        },
        {
            "file_path": "images/00011.png",
            "camera_angle_x":1.170682025748742,
            "camera_angle_y":0.6770591773184853,
            "fl_x": 1403.076923076923,
            "fl_y": 1403.076923076923,
            "k1": 0,
            "k2": 0,
            "k3": 0,
            "k4": 0,
            "cx": 930,
            "cy": 493.9999999999999,
            "w": 1860,
            "h": 988,
            "transform_matrix": [
                [
                    0.9991208292516595,
                    1.940918484241955e-002,
                    -3.715981834224192e-002,
                    -7.925471365299807
                ],
                [
                    2.275843253165991e-003,
                    -0.9101783789322111,
                    -0.4142102594840201,
                    -27.91461750074137
                ],
                [
                    -4.18615467101091e-002,
                    0.4137615280183563,
                    -0.9094223489880553,
                    -64.53523384424433
                ],
                [
                    0.0,
                    0.0,
                    0.0,
                    1.0
                ]
            ]
        },
        {
            "file_path": "images/00012.png",
            "camera_angle_x":1.169195783869213,
            "camera_angle_y":0.6770591773184853,
            "fl_x": 1403.076923076923,
            "fl_y": 1403.076923076923,
            "k1": 0,
            "k2": 0,
            "k3": 0,
            "k4": 0,
            "cx": 928.5,
            "cy": 493.9999999999999,
            "w": 1857,
            "h": 988,
            "transform_matrix": [
                [
                    0.9991218374336621,
                    1.901232782375343e-002,
                    -3.733745242923299e-002,
                    -8.055365105888413
                ],
                [
                    1.888121258765807e-003,
                    -0.9106476613728673,
                    -0.4131794668594268,
                    -27.90156075232643
                ],
                [
                    -4.185676721027679e-002,
                    0.4127461304807716,
                    -0.9098838622658689,
                    -66.94402387665961
                ],
                [
                    0.0,
                    0.0,
                    0.0,
                    1.0
                ]
            ]
        },
        {
            "file_path": "images/00013.png",
            "camera_angle_x":1.170224876368855,
            "camera_angle_y":0.6733136583935594,
            "fl_x": 1401.509433962264,
            "fl_y": 1401.509433962264,
            "k1": 0,
            "k2": 0,
            "k3": 0,
            "k4": 0,
            "cx": 928.5,
            "cy": 490.5,
            "w": 1857,
            "h": 981,
            "transform_matrix": [
                [
                    0.9991388980864666,
                    1.842713149115807e-002,
                    -3.717395802935913e-002,
                    -8.031038216894549
                ],
                [
                    1.345417023038919e-003,
                    -0.9098811584102598,
                    -0.4148668068465315,
                    -27.88228437601225
                ],
                [
                    -4.146868919552559e-002,
                    0.4144595497693482,
                    -0.9091224501800588,
                    -67.24057279270218
                ],
                [
                    0.0,
                    0.0,
                    0.0,
                    1.0
                ]
            ]
        },
        {
            "file_path": "images/00014.png",
            "camera_angle_x":1.164024434232032,
            "camera_angle_y":0.68446372275686,
            "fl_x": 1404.912280701754,
            "fl_y": 1404.912280701754,
            "k1": 0,
            "k2": 0,
            "k3": 0,
            "k4": 0,
            "cx": 924.4999999999999,
            "cy": 500.5,
            "w": 1849,
            "h": 1001,
            "transform_matrix": [
                [
                    0.9930133970254765,
                    4.937592346740535e-002,
                    -0.107174677558013,
                    -8.276780413048044
                ],
                [
                    1.521715315284673e-003,
                    -0.9135299330932777,
                    -0.4067686636469069,
                    -27.97850017919831
                ],
                [
                    -0.1179918544240336,
                    0.4037636431432778,
                    -0.9072225982443588,
                    -67.40097057252579
                ],
                [
                    0.0,
                    0.0,
                    0.0,
                    1.0
                ]
            ]
        },
        {
            "file_path": "images/00015.png",
            "camera_angle_x":1.144674275024737,
            "camera_angle_y":0.6600538100484313,
            "fl_x": 1420.210185933711,
            "fl_y": 1420.210185933711,
            "k1": 0,
            "k2": 0,
            "k3": 0,
            "k4": 0,
            "cx": 915,
            "cy": 486.5000000000001,
            "w": 1830,
            "h": 973,
            "transform_matrix": [
                [
                    0.5933370782232047,
                    0.3429545623316231,
                    -0.7282398504486522,
                    -8.007586363965499
                ],
                [
                    1.089728775910717e-002,
                    -0.9080367191403214,
                    -0.4187488099235342,
                    -28.27375943013114
                ],
                [
                    -0.8048803393828463,
                    0.2405233561814858,
                    -0.5425091284081293,
                    -67.39390864772504
                ],
                [
                    0.0,
                    0.0,
                    0.0,
                    1.0
                ]
            ]
        },
        {
            "file_path": "images/00016.png",
            "camera_angle_x":1.166565607035494,
            "camera_angle_y":0.7111409966549038,
            "fl_x": 1412.398316970547,
            "fl_y": 1412.398316970547,
            "k1": 0,
            "k2": 0,
            "k3": 0,
            "k4": 0,
            "cx": 932,
            "cy": 524.5,
            "w": 1864,
            "h": 1049,
            "transform_matrix": [
                [
                    0.9999162585831026,
                    7.627147888285907e-003,
                    -1.045478054576199e-002,
                    -4.197604675874127
                ],
                [
                    5.520702693893042e-003,
                    -0.9820684191644951,
                    -0.188444002084214,
                    -28.49168226031707
                ],
                [
                    -1.170460007584495e-002,
                    0.1883705037813506,
                    -0.9820282865794777,
                    16.34903945499841
                ],
                [
                    0.0,
                    0.0,
                    0.0,
                    1.0
                ]
            ]
        },
        {
            "file_path": "images/00017.png",
            "camera_angle_x":1.165875047705619,
            "camera_angle_y":0.7082378000680944,
            "fl_x": 1411.943127962085,
            "fl_y": 1411.943127962085,
            "k1": 0,
            "k2": 0,
            "k3": 0,
            "k4": 0,
            "cx": 930.9999999999999,
            "cy": 522,
            "w": 1862,
            "h": 1044,
            "transform_matrix": [
                [
                    0.9999214489396918,
                    7.062587766302897e-003,
                    -1.035450647738547e-002,
                    -4.20975444589794
                ],
                [
                    4.959848527150256e-003,
                    -0.9816552793746595,
                    -0.1905998750745839,
                    -28.50337062618532
                ],
                [
                    -1.151068429480517e-002,
                    0.190533546468601,
                    -0.9816131986771381,
                    16.37905339377435
                ],
                [
                    0.0,
                    0.0,
                    0.0,
                    1.0
                ]
            ]
        },
        {
            "file_path": "images/00018.png",
            "camera_angle_x":1.168051525236394,
            "camera_angle_y":0.7083074710729753,
            "fl_x": 1413.144208037825,
            "fl_y": 1413.144208037825,
            "k1": 0,
            "k2": 0,
            "k3": 0,
            "k4": 0,
            "cx": 934,
            "cy": 522.5,
            "w": 1868,
            "h": 1045,
            "transform_matrix": [
                [
                    0.9992660669325552,
                    1.152863578141532e-002,
                    -3.652968702522977e-002,
                    -4.154690991993822
                ],
                [
                    4.484200338623625e-003,
                    -0.9822847775584511,
                    -0.1873406195256838,
                    -28.56615725342187
                ],
                [
                    -3.804233726343399e-002,
                    0.18703931761521,
                    -0.9816155429910285,
                    16.25491457319019
                ],
                [
                    0.0,
                    0.0,
                    0.0,
                    1.0
                ]
            ]
        },
        {
            "file_path": "images/00019.png",
            "camera_angle_x":1.161262203126696,
            "camera_angle_y":0.6973747271414393,
            "fl_x": 1415.243553008596,
            "fl_y": 1415.243553008596,
            "k1": 0,
            "k2": 0,
            "k3": 0,
            "k4": 0,
            "cx": 928.4999999999999,
            "cy": 514.5,
            "w": 1857,
            "h": 1029,
            "transform_matrix": [
                [
                    0.982762559202532,
                    3.81182439384926e-002,
                    -0.1808998388853217,
                    -4.025564132322243
                ],
                [
                    4.224393284459892e-003,
                    -0.9828873557490242,
                    -0.184159171398193,
                    -28.60435538154831
                ],
                [
                    -0.1848239885162854,
                    0.1802205465193589,
                    -0.9661059195974296,
                    16.15374124104561
                ],
                [
                    0.0,
                    0.0,
                    0.0,
                    1.0
                ]
            ]
        },
        {
            "file_path": "images/00020.png",
            "camera_angle_x":1.159326841002028,
            "camera_angle_y":0.6822252900697637,
            "fl_x": 1419.761336515513,
            "fl_y": 1419.761336515513,
            "k1": 0,
            "k2": 0,
            "k3": 0,
            "k4": 0,
            "cx": 929.5,
            "cy": 504,
            "w": 1859,
            "h": 1008,
            "transform_matrix": [
                [
                    0.7676247873740235,
                    0.1178218627692804,
                    -0.6299763443674389,
                    -4.008533355636694
                ],
                [
                    4.389329766262023e-003,
                    -0.9838999312211842,
                    -0.1786663346216958,
                    -28.68321551376134
                ],
                [
                    -0.640884482253384,
                    0.1343835332045024,
                    -0.7557831345103477,
                    15.82720794149224
                ],
                [
                    0.0,
                    0.0,
                    0.0,
                    1.0
                ]
            ]
        },
        {
            "file_path": "images/00021.png",
            "camera_angle_x":1.171672041029777,
            "camera_angle_y":0.7064252868121474,
            "fl_x": 1415.886970172684,
            "fl_y": 1415.886970172684,
            "k1": 0,
            "k2": 0,
            "k3": 0,
            "k4": 0,
            "cx": 939.5,
            "cy": 522,
            "w": 1879,
            "h": 1044,
            "transform_matrix": [
                [
                    0.2779086148913207,
                    0.1849554091314379,
                    -0.9426337031966392,
                    -2.105653370478112
                ],
                [
                    3.2543079441254e-003,
                    -0.9814647610565559,
                    -0.1916150627795274,
                    -28.42425163883313
                ],
                [
                    -0.9606020046038799,
                    5.018385634065877e-002,
                    -0.2733594141671138,
                    17.29527159571404
                ],
                [
                    0.0,
                    0.0,
                    0.0,
                    1.0
                ]
            ]
        },
        {
            "file_path": "images/00022.png",
            "camera_angle_x":1.126906839151195,
            "camera_angle_y":0.6453563911926251,
            "fl_x": 1434.06430338005,
            "fl_y": 1434.06430338005,
            "k1": 0,
            "k2": 0,
            "k3": 0,
            "k4": 0,
            "cx": 906,
            "cy": 479.5,
            "w": 1812,
            "h": 959,
            "transform_matrix": [
                [
                    -0.7247666877362915,
                    0.1165995258398872,
                    -0.6790565506065593,
                    -5.226360091503951
                ],
                [
                    -1.023963071546077e-003,
                    -0.985757530279828,
                    -0.1681696851285693,
                    -28.74820251498164
                ],
                [
                    -0.6889936137928953,
                    -0.1211884568369756,
                    0.7145636137406377,
                    16.47600246076634
                ],
                [
                    0.0,
                    0.0,
                    0.0,
                    1.0
                ]
            ]
        },
        {
            "file_path": "images/00023.png",
            "camera_angle_x":1.164586344755015,
            "camera_angle_y":0.709309522851485,
            "fl_x": 1417.721518987342,
            "fl_y": 1417.721518987342,
            "k1": 0,
            "k2": 0,
            "k3": 0,
            "k4": 0,
            "cx": 933.5,
            "cy": 525,
            "w": 1867,
            "h": 1050,
            "transform_matrix": [
                [
                    -0.9768017317753215,
                    4.452906845346486e-002,
                    -0.209464886946236,
                    -3.932788272714616
                ],
                [
                    -2.719696996713594e-003,
                    -0.9806426755506639,
                    -0.1957869917463387,
                    -28.60761471578892
                ],
                [
                    -0.2141284195266449,
                    -0.1906753915729595,
                    0.9580145693044128,
                    15.98047284548079
                ],
                [
                    0.0,
                    0.0,
                    0.0,
                    1.0
                ]
            ]
        },
        {
            "file_path": "images/00024.png",
            "camera_angle_x":1.164018467301873,
            "camera_angle_y":0.7102254152387886,
            "fl_x": 1417.078651685393,
            "fl_y": 1417.078651685393,
            "k1": 0,
            "k2": 0,
            "k3": 0,
            "k4": 0,
            "cx": 932.5,
            "cy": 525.5,
            "w": 1865,
            "h": 1051,
            "transform_matrix": [
                [
                    -0.9768752567773992,
                    4.438446654064154e-002,
                    -0.2091524607218209,
                    -3.989154942494711
                ],
                [
                    -2.561307320227961e-003,
                    -0.980575356730776,
                    -0.1961260040818712,
                    -25.78749264118292
                ],
                [
                    -0.2137946968493408,
                    -0.1910549368695127,
                    0.9580134856550219,
                    15.89233175199652
                ],
                [
                    0.0,
                    0.0,
                    0.0,
                    1.0
                ]
            ]
        },
        {
            "file_path": "images/00025.png",
            "camera_angle_x":1.163695442191793,
            "camera_angle_y":0.7082118126832019,
            "fl_x": 1416.057007125891,
            "fl_y": 1416.057007125891,
            "k1": 0,
            "k2": 0,
            "k3": 0,
            "k4": 0,
            "cx": 931.5000000000001,
            "cy": 523.5,
            "w": 1863,
            "h": 1047,
            "transform_matrix": [
                [
                    -0.9770166511099361,
                    4.390114347070806e-002,
                    -0.20859327183754,
                    -3.977753369350528
                ],
                [
                    -2.232123576298768e-003,
                    -0.980615681033523,
                    -0.1959283127460139,
                    -22.93330989449979
                ],
                [
                    -0.2131513102898166,
                    -0.1909596180168048,
                    0.9581758414866294,
                    15.97216257909725
                ],
                [
                    0.0,
                    0.0,
                    0.0,
                    1.0
                ]
            ]
        },
        {
            "file_path": "images/00026.png",
            "camera_angle_x":1.162851766361806,
            "camera_angle_y":0.7010525351573381,
            "fl_x": 1418.119658119658,
            "fl_y": 1418.119658119658,
            "k1": 0,
            "k2": 0,
            "k3": 0,
            "k4": 0,
            "cx": 932,
            "cy": 518.5,
            "w": 1864,
            "h": 1037,
            "transform_matrix": [
                [
                    -0.9770541394040942,
                    4.257632509512627e-002,
                    -0.2086922739698789,
                    -4.004895975528791
                ],
                [
                    -1.603007582673392e-003,
                    -0.9812590640150406,
                    -0.1926864802081768,
                    -25.22107551693642
                ],
                [
                    -0.2129850676456328,
                    -0.1879305877969852,
                    0.9588114804956522,
                    16.11091952072249
                ],
                [
                    0.0,
                    0.0,
                    0.0,
                    1.0
                ]
            ]
        },
        {
            "file_path": "images/00027.png",
            "camera_angle_x":1.164248127831156,
            "camera_angle_y":0.7047254042769959,
            "fl_x": 1418.243626062323,
            "fl_y": 1418.243626062323,
            "k1": 0,
            "k2": 0,
            "k3": 0,
            "k4": 0,
            "cx": 933.5,
            "cy": 521.5,
            "w": 1867,
            "h": 1043,
            "transform_matrix": [
                [
                    -0.9770914246524295,
                    4.25625273088653e-002,
                    -0.2085204525694479,
                    -4.007133126397965
                ],
                [
                    -1.267135856629416e-003,
                    -0.9809434257389483,
                    -0.1942894486745403,
                    -26.62013967700676
                ],
                [
                    -0.2128162170451446,
                    -0.1895743304580503,
                    0.9585253418632058,
                    16.00349025636782
                ],
                [
                    0.0,
                    0.0,
                    0.0,
                    1.0
                ]
            ]
        },
        {
            "file_path": "images/00028.png",
            "camera_angle_x":1.165875047705619,
            "camera_angle_y":0.7074650160890301,
            "fl_x": 1414.976303317535,
            "fl_y": 1414.976303317535,
            "k1": 0,
            "k2": 0,
            "k3": 0,
            "k4": 0,
            "cx": 933,
            "cy": 522.5,
            "w": 1866,
            "h": 1045,
            "transform_matrix": [
                [
                    -0.9972844081323283,
                    1.644858746100972e-002,
                    -7.178616347659847e-002,
                    -4.129631340783428
                ],
                [
                    -1.648201958246889e-003,
                    -0.9794801714073288,
                    -0.2015338116797627,
                    -26.80177863815154
                ],
                [
                    -7.362807023449847e-002,
                    -0.2008682100044871,
                    0.9768474136133732,
                    15.79437450290167
                ],
                [
                    0.0,
                    0.0,
                    0.0,
                    1.0
                ]
            ]
        },
        {
            "file_path": "images/00029.png",
            "camera_angle_x":1.166600887691807,
            "camera_angle_y":0.708375207873029,
            "fl_x": 1418.405682715075,
            "fl_y": 1418.405682715075,
            "k1": 0,
            "k2": 0,
            "k3": 0,
            "k4": 0,
            "cx": 936.0000000000001,
            "cy": 524.5,
            "w": 1872,
            "h": 1049,
            "transform_matrix": [
                [
                    -0.9988097384573137,
                    1.070213944130863e-002,
                    -4.758750439150391e-002,
                    -4.039697750418742
                ],
                [
                    -1.197552001450219e-003,
                    -0.9807184582612239,
                    -0.1954222901690896,
                    -26.48425896931262
                ],
                [
                    -4.876138053866443e-002,
                    -0.1951326980213896,
                    0.9795639631646605,
                    16.04859268103196
                ],
                [
                    0.0,
                    0.0,
                    0.0,
                    1.0
                ]
            ]
        },
        {
            "file_path": "images/00030.png",
            "camera_angle_x":1.166512674984596,
            "camera_angle_y":0.7111409966549038,
            "fl_x": 1417.784011220197,
            "fl_y": 1417.784011220197,
            "k1": 0,
            "k2": 0,
            "k3": 0,
            "k4": 0,
            "cx": 935.5,
            "cy": 526.5,
            "w": 1871,
            "h": 1053,
            "transform_matrix": [
                [
                    -0.9987988525577213,
                    1.091621822321538e-002,
                    -4.776702114516164e-002,
                    -4.341818115140079
                ],
                [
                    -1.300298191523552e-003,
                    -0.9804289630166437,
                    -0.1968688845468515,
                    -26.91412276741148
                ],
                [
                    -4.898123471281934e-002,
                    -0.1965703046185042,
                    0.9792655176141943,
                    19.57283010464394
                ],
                [
                    0.0,
                    0.0,
                    0.0,
                    1.0
                ]
            ]
        },
        {
            "file_path": "images/00031.png",
            "camera_angle_x":1.167326380182501,
            "camera_angle_y":0.7102058272117259,
            "fl_x": 1415.77287066246,
            "fl_y": 1415.77287066246,
            "k1": 0,
            "k2": 0,
            "k3": 0,
            "k4": 0,
            "cx": 934.9999999999999,
            "cy": 525,
            "w": 1870,
            "h": 1050,
            "transform_matrix": [
                [
                    -0.9987907564648216,
                    1.067797127177416e-002,
                    -4.798964190268738e-002,
                    -4.747827363167727
                ],
                [
                    -8.879133912316204e-004,
                    -0.9798871005608083,
                    -0.1995506997340324,
                    -27.3604324610107
                ],
                [
                    -4.915522769999824e-002,
                    -0.1992667836947529,
                    0.9787116595329339,
                    26.56392942422431
                ],
                [
                    0.0,
                    0.0,
                    0.0,
                    1.0
                ]
            ]
        },
        {
            "file_path": "images/00032.png",
            "camera_angle_x":1.167326380182501,
            "camera_angle_y":0.7117187635842946,
            "fl_x": 1416.529968454259,
            "fl_y": 1416.529968454259,
            "k1": 0,
            "k2": 0,
            "k3": 0,
            "k4": 0,
            "cx": 935.5,
            "cy": 526.5,
            "w": 1871,
            "h": 1053,
            "transform_matrix": [
                [
                    -0.9987687921739606,
                    1.009855644032017e-002,
                    -4.856870326855577e-002,
                    -5.354664002030554
                ],
                [
                    -2.508600240602748e-004,
                    -0.9800761787669419,
                    -0.1986218036441048,
                    -29.23924075212934
                ],
                [
                    -4.960682260148982e-002,
                    -0.1983650749789656,
                    0.978872034629641,
                    36.00431825519013
                ],
